cam_model: Pinhole
cam_width: 1280
cam_height: 720
cam_fx: 608.327
cam_fy: 608.308
cam_cx: 639.605
cam_cy: 366.594
cam_d0: -0.0944205499243979
cam_d1: 0.0946727677776504
cam_d2: -0.00807970960613932
cam_d3: 8.07461209775283e-05