cam_model: Pinhole
cam_width: 640
cam_height: 480
cam_fx: 594.196
cam_fy: 595.270
cam_cx: 330.275
cam_cy: 266.435
cam_d0: -0.0944205499243979
cam_d1: 0.0946727677776504
cam_d2: -0.00807970960613932
cam_d3: 8.07461209775283e-05